1.900000,4.000000,1
6.700000,2.700000,1
9.400000,9.100000,1
2.800000,0.500000,1
4.300000,2.300000,1
7.600000,9.900000,1
5.100000,5.100000,1
2.600000,0.400000,0
1.400000,7.700000,1
2.900000,1.800000,1
4.900000,8.500000,1
9.700000,3.400000,1
5.900000,1.600000,1
2.000000,3.400000,1
2.500000,9.300000,1
9.200000,6.300000,1
0.100000,1.500000,0
8.800000,5.100000,1
9.400000,6.200000,1
2.600000,1.200000,1
9.200000,3.700000,1
7.600000,6.800000,1
7.000000,10.000000,1
6.300000,6.400000,1
3.400000,3.500000,1
3.200000,5.400000,1
1.800000,8.800000,1
6.500000,8.100000,1
6.800000,9.600000,1
3.600000,7.600000,1
4.500000,8.400000,1
4.700000,7.200000,1
1.900000,1.300000,1
3.900000,0.400000,1
2.300000,3.000000,1
4.600000,7.000000,1
5.600000,0.100000,1
3.400000,5.900000,1
9.800000,7.800000,1
8.000000,8.300000,1
8.700000,3.700000,1
7.100000,0.000000,1
5.400000,9.600000,1
0.600000,5.900000,1
9.200000,2.800000,1
3.400000,9.300000,1
5.400000,2.400000,1
7.800000,1.400000,1
7.900000,8.200000,1
3.100000,6.100000,1
2.300000,5.800000,1
5.500000,4.900000,1
9.500000,1.800000,1
2.200000,3.400000,1
3.000000,8.600000,1
2.200000,5.700000,1
4.800000,7.100000,1
3.300000,1.000000,1
3.700000,4.600000,1
7.900000,2.500000,1
2.200000,2.500000,1
6.300000,8.800000,1
3.300000,7.600000,1
4.000000,8.900000,1
4.000000,4.500000,1
2.000000,2.100000,1
1.000000,4.600000,1
9.600000,2.100000,1
3.100000,7.600000,1
7.400000,2.100000,1
4.600000,6.900000,1
2.200000,6.200000,1
8.300000,0.000000,1
9.300000,4.400000,1
4.300000,5.400000,1
1.600000,0.300000,0
8.800000,6.800000,1
6.100000,7.900000,1
5.400000,5.700000,1
3.100000,8.000000,1
1.800000,9.300000,1
5.900000,3.500000,1
7.000000,9.200000,1
6.700000,3.200000,1
2.600000,9.400000,1
0.800000,9.000000,1
8.600000,10.000000,1
8.400000,1.200000,1
4.300000,5.500000,1
4.300000,7.700000,1
4.300000,7.500000,1
1.100000,0.300000,0
7.100000,9.600000,1
7.000000,0.700000,1
7.800000,8.100000,1
5.900000,4.800000,1
6.800000,7.500000,1
8.400000,1.700000,1
10.000000,0.900000,1
1.900000,3.800000,1
2.800000,6.300000,1
7.400000,2.600000,1
9.900000,9.300000,1
0.500000,2.000000,0
4.400000,2.900000,1
0.100000,6.300000,1
6.600000,9.700000,1
8.000000,4.400000,1
2.200000,2.800000,0
6.800000,3.400000,1
9.600000,6.800000,1
4.800000,5.100000,1
8.200000,1.200000,1
0.300000,1.600000,0
4.500000,10.000000,1
8.300000,2.800000,1
9.800000,8.800000,1
4.500000,2.700000,1
5.500000,9.500000,1
1.000000,9.000000,1
3.300000,6.000000,1
8.000000,1.700000,1
7.100000,9.500000,1
6.500000,0.900000,1
6.100000,5.500000,1
8.400000,9.400000,1
1.500000,3.600000,1
5.600000,1.300000,1
5.100000,7.600000,1
4.000000,4.400000,1
4.200000,6.100000,1
2.400000,5.800000,1
8.200000,0.800000,1
5.600000,5.200000,1
7.000000,2.000000,1
4.700000,7.400000,1
3.300000,0.200000,0
6.800000,9.700000,1
10.000000,5.400000,1
2.500000,2.900000,1
6.400000,6.200000,1
6.200000,1.500000,1
6.100000,0.600000,1
7.500000,2.000000,1
2.100000,6.700000,1
3.800000,8.500000,1
9.200000,5.200000,1
6.600000,6.500000,1
2.600000,1.500000,0
2.800000,1.200000,0
9.100000,3.500000,1
1.500000,8.100000,1
4.100000,1.700000,1
9.400000,0.500000,1
0.000000,5.800000,1
4.900000,6.700000,1
0.300000,3.000000,0
9.500000,5.300000,1
2.700000,3.100000,1
7.800000,2.800000,1
0.900000,8.700000,1
9.000000,3.100000,1
3.300000,0.900000,0
3.400000,4.400000,1
1.900000,5.000000,1
3.700000,0.700000,0
6.600000,6.300000,1
7.000000,9.900000,1
8.000000,7.900000,1
5.500000,6.100000,1
6.100000,6.700000,1
7.900000,7.600000,1
8.500000,3.100000,1
2.400000,4.900000,1
3.700000,9.000000,1
3.600000,6.000000,1
5.100000,8.500000,1
1.900000,2.100000,0
1.600000,2.400000,0
3.000000,10.000000,1
10.000000,5.500000,1
6.200000,6.500000,1
8.200000,7.900000,1
4.800000,1.600000,1
0.800000,2.600000,0
9.700000,0.000000,1
5.800000,4.200000,1
2.800000,8.100000,1
0.500000,7.200000,1
5.900000,5.500000,1
5.400000,2.900000,1
1.800000,0.700000,0
2.900000,7.200000,1
5.300000,7.000000,1
9.400000,1.000000,1
4.700000,0.000000,0
7.700000,4.800000,1
8.100000,8.500000,1
4.900000,9.300000,1
4.100000,2.700000,1
7.700000,5.100000,1
2.200000,0.400000,0
0.700000,5.400000,0
4.800000,3.300000,1
5.100000,8.000000,1
5.000000,7.100000,1
5.700000,0.800000,0
4.200000,9.500000,1
4.400000,3.900000,1
1.400000,4.900000,0
0.300000,2.500000,0
0.600000,9.800000,1
5.600000,5.200000,1
4.000000,6.600000,1
8.300000,8.800000,1
8.400000,6.800000,1
3.300000,0.800000,0
2.300000,6.000000,1
4.100000,7.300000,1
4.100000,3.600000,1
1.000000,9.800000,1
8.800000,9.900000,1
5.000000,0.300000,0
0.500000,7.300000,1
8.300000,5.300000,1
1.800000,7.000000,1
0.900000,8.400000,1
9.800000,7.600000,1
3.000000,3.200000,0
6.500000,0.800000,1
7.100000,6.500000,1
2.000000,3.400000,0
0.000000,9.900000,1
6.000000,5.100000,1
1.600000,3.000000,0
8.500000,9.200000,1
7.700000,2.800000,1
8.500000,9.300000,1
0.800000,6.800000,1
3.000000,1.400000,0
9.300000,7.900000,1
1.900000,4.600000,0
5.000000,9.500000,1
9.600000,7.800000,1
6.100000,1.200000,1
4.200000,1.400000,0
5.700000,9.000000,1
9.600000,6.300000,1
4.900000,7.400000,1
1.900000,9.900000,1
0.400000,6.300000,0
8.300000,5.800000,1
4.300000,4.400000,1
2.800000,0.700000,0
2.300000,1.800000,0
1.700000,9.400000,1
1.900000,8.900000,1
5.700000,0.700000,0
3.100000,3.100000,0
8.800000,7.700000,1
8.300000,3.600000,1
9.900000,3.100000,1
7.600000,2.000000,1
5.800000,7.000000,1
0.600000,4.200000,0
2.900000,3.700000,0
0.700000,0.400000,0
9.300000,9.800000,1
8.400000,8.900000,1
4.300000,6.900000,1
9.900000,4.500000,1
5.800000,8.100000,1
3.100000,3.400000,0
4.800000,6.500000,1
2.300000,6.400000,1
0.100000,1.300000,0
7.100000,3.500000,1
4.600000,5.500000,1
9.600000,6.300000,1
6.600000,5.100000,1
0.000000,7.500000,1
1.900000,8.900000,1
0.400000,1.900000,0
9.800000,0.500000,1
2.600000,5.600000,1
1.900000,6.900000,1
4.000000,0.500000,0
7.100000,8.500000,1
5.600000,4.700000,1
4.400000,3.200000,1
9.900000,4.700000,1
5.900000,8.900000,1
1.100000,1.600000,0
9.900000,3.500000,1
7.400000,4.300000,1
3.100000,1.400000,0
3.300000,8.600000,1
7.100000,2.600000,1
3.800000,1.100000,0
2.700000,3.300000,0
7.000000,0.300000,0
3.300000,9.400000,1
9.800000,7.300000,1
0.300000,1.500000,0
8.800000,6.900000,1
5.800000,3.500000,0
3.200000,7.200000,1
0.000000,4.600000,0
2.600000,2.400000,0
1.300000,9.300000,1
1.200000,2.800000,0
2.500000,0.800000,0
8.100000,8.900000,1
7.200000,7.400000,1
9.300000,0.000000,0
8.100000,3.500000,1
6.600000,2.600000,0
4.700000,2.200000,0
0.300000,8.200000,0
7.800000,5.200000,1
7.600000,4.900000,1
0.700000,6.100000,0
4.700000,7.800000,1
0.300000,9.000000,0
7.100000,10.000000,1
9.500000,7.000000,1
3.200000,2.700000,0
4.900000,0.800000,0
2.300000,0.200000,0
1.200000,2.600000,0
8.700000,3.900000,1
4.000000,9.800000,1
6.600000,9.000000,1
5.800000,7.200000,1
2.300000,2.400000,0
3.600000,5.100000,0
1.300000,2.400000,0
4.700000,10.000000,1
8.100000,7.100000,1
6.500000,6.400000,1
3.300000,8.700000,1
2.100000,5.600000,0
4.400000,9.500000,1
9.200000,6.300000,1
10.000000,9.300000,1
2.400000,5.000000,0
3.500000,7.900000,1
1.800000,5.800000,0
2.600000,7.000000,0
5.300000,8.500000,1
7.600000,7.200000,1
10.000000,1.100000,1
3.700000,1.800000,0
8.900000,4.400000,1
9.800000,6.200000,1
2.100000,5.100000,0
0.400000,2.200000,0
5.300000,1.100000,0
8.000000,1.500000,0
2.400000,8.100000,1
5.700000,7.900000,1
3.300000,5.400000,0
4.700000,7.800000,1
1.100000,6.500000,0
7.700000,8.600000,1
5.800000,3.100000,0
0.300000,0.500000,0
8.800000,0.900000,0
5.400000,4.900000,1
3.900000,10.000000,1
9.800000,6.600000,1
1.800000,4.600000,0
9.900000,2.000000,1
7.500000,9.100000,1
0.700000,9.900000,1
7.600000,7.300000,1
6.700000,8.700000,1
5.100000,2.300000,0
3.400000,0.700000,0
4.900000,6.500000,1
5.300000,2.800000,0
7.600000,4.000000,1
6.800000,6.200000,1
0.400000,1.700000,0
2.100000,5.400000,0
3.800000,6.700000,1
5.800000,1.200000,0
3.400000,3.200000,0
9.100000,0.200000,0
1.300000,5.400000,0
9.600000,6.500000,1
1.200000,4.700000,0
4.100000,9.700000,1
1.200000,0.000000,0
2.800000,2.200000,0
2.800000,4.300000,0
6.200000,5.300000,1
5.000000,0.900000,0
7.800000,8.100000,1
2.600000,5.200000,0
7.000000,0.300000,0
3.300000,9.400000,1
9.800000,7.300000,1
0.300000,1.500000,0
8.800000,6.900000,1
5.800000,3.500000,0
3.200000,7.200000,1
0.000000,4.600000,0
2.600000,2.400000,0
1.300000,9.300000,1
1.200000,2.800000,0
2.500000,0.800000,0
8.100000,8.900000,1
7.200000,7.400000,1
9.300000,0.000000,0
8.100000,3.500000,1
6.600000,2.600000,0
4.700000,2.200000,0
0.300000,8.200000,0
7.800000,5.200000,1
7.600000,4.900000,1
0.700000,6.100000,0
4.700000,7.800000,1
0.300000,9.000000,0
7.100000,10.000000,1
9.500000,7.000000,1
3.200000,2.700000,0
4.900000,0.800000,0
2.300000,0.200000,0
1.200000,2.600000,0
8.700000,3.900000,1
4.000000,9.800000,1
6.600000,9.000000,1
5.800000,7.200000,1
2.300000,2.400000,0
3.600000,5.100000,0
1.300000,2.400000,0
4.700000,10.000000,1
8.100000,7.100000,1
6.500000,6.400000,1
3.300000,8.700000,1
2.100000,5.600000,0
4.400000,9.500000,1
9.200000,6.300000,1
10.000000,9.300000,1
2.400000,5.000000,0
3.500000,7.900000,1
1.800000,5.800000,0
2.600000,7.000000,0
5.300000,8.500000,1
7.600000,7.200000,1
10.000000,1.100000,1
3.700000,1.800000,0
8.900000,4.400000,1
9.800000,6.200000,1
2.100000,5.100000,0
0.400000,2.200000,0
5.300000,1.100000,0
8.000000,1.500000,0
2.400000,8.100000,1
5.700000,7.900000,1
3.300000,5.400000,0
4.700000,7.800000,1
1.100000,6.500000,0
7.700000,8.600000,1
5.800000,3.100000,0
0.300000,0.500000,0
8.800000,0.900000,0
5.400000,4.900000,1
3.900000,10.000000,1
9.800000,6.600000,1
1.800000,4.600000,0
9.900000,2.000000,1
7.500000,9.100000,1
0.700000,9.900000,1
7.600000,7.300000,1
6.700000,8.700000,1
5.100000,2.300000,0
3.400000,0.700000,0
4.900000,6.500000,1
5.300000,2.800000,0
7.600000,4.000000,1
6.800000,6.200000,1
0.400000,1.700000,0
2.100000,5.400000,0
3.800000,6.700000,1
5.800000,1.200000,0
3.400000,3.200000,0
9.100000,0.200000,0
1.300000,5.400000,0
9.600000,6.500000,1
1.200000,4.700000,0
4.100000,9.700000,1
1.200000,0.000000,0
2.800000,2.200000,0
2.800000,4.300000,0
6.200000,5.300000,1
5.000000,0.900000,0
7.800000,8.100000,1
2.600000,5.200000,0
